%example 1
gym(Timetable, [4,4,2,8], 16, 20).
% 	Timetable = [
% 	[[16, 16, 16, 17], [0, 0, 1, 3]], 
% 	[[16, 16, 16, 17], [0, 0, 1, 3]], 
% 	[[16, 16, 16, 18], [0, 2, 0, 2]], 
% 	[[16, 18, 16, 16], [2, 2, 0, 0]], 
% 	[[16, 16, 16, 16], [2, 0, 0, 0]]
% 	].

%example 2
gym(Timetable, [4, 4, 2, 8], 16, 20).
%Timetable = [[[16, 16, 16, 17], [0, 0, 1, 3]], [[16, 16, 16, 17], [0, 0, 1, 3]], [[16, 16, 16, 18], [0, 2, 0, 2]], [[16, 18, 16, 16], [2, 2, 0, 0]], [[16, 16, 16, 16], [2, 0, 0, 0]]]

%example 3
gym(Timetable, [4, 4, 2, 8, 1], 16, 20).
%Timetable = [[[16, 16, 16, 16, 19], [0, 0, 0, 3, 1]], [[16, 16, 16, 17, 16], [0, 0, 1, 3, 0]], [[16, 16, 17, 18, 16], [0, 1, 1, 2, 0]], [[16, 17, 16, 16, 16], [1, 3, 0, 0, 0]], [[16, 16, 16, 16, 16], [3, 0, 0, 0, 0]]]

%example 4
gym(Timetable, [4, 4, 2, 8, 3], 16, 20).
%No 

%example 5
gym(Timetable, [8, 8, 10], 14, 20).
%Timetable = [[[14, 14, 17], [0, 3, 3]], [[14, 14, 17], [0, 3, 3]], [[14, 14, 17], [3, 0, 3]], [[14, 17, 19], [3, 2, 1]], [[14, 14, 14], [2, 0, 0]]]

%example 6
gym(Timetable, [8, 1, 17], 14, 20).
%No 

%example 7
gym(Timetable, [5, 2, 8, 6, 10], 13, 20).
%Timetable = [[[13, 13, 13, 14, 17], [0, 0, 1, 3, 3]], [[13, 13, 13, 14, 17], [0, 0, 1, 3, 3]], [[13, 13, 14, 13, 17], [0, 1, 3, 0, 3]], [[13, 15, 16, 13, 19], [2, 1, 3, 0, 1]], [[13, 13, 13, 13, 13], [3, 0, 0, 0, 0]]]




